$ANSIBLE_VAULT;1.1;AES256
38663835323661623261376461346238393865653838383939373935323230616430376632313035
3464373731623265636366313138663361376366323839320a313032666138616238643366646435
39373639663365353932306136393831646131386336616431343834613833623633643134666533
3432383830666232320a336664396232383535346362363562653838336633383366383631366237
37643737663037326231373037336465303064373337323130343832316465326664343132613030
39323536316533663833373934306361336165653065363638303935353636643639316230663835
39326530306663663963616131366133663334656332636265653562666135616531396334336234
34323565303631366332336136616137653332646463306362653734353232396433646363316538
31653738343466346133346531343631323939313334376537343331356539383435376330353264
37666464333539326137376639626262663266396538623638343864343335623736383863663330
30303839326261386630613931333734643062323761306161616664656430386130626362643163
63333830663465363038363331366539353834363936623838343162313533353466656566633633
32393131333965353238613938393539623866616266663037306139623137336338616564613463
35653461386663333134663832613965346132303336653833336430636539666339366563336664
37643763336266396338623031306162343165393534373833616336343833363836623062303330
37313963363833343865656466356132376434336438623933303630633333653638303964303333
33303761363939343335303639303338363338666633663933613962363438376435363137386634
31613064386535343338306537303563613933363834336139373464376463666535643762643330
30303538366139346163636465313263663462356364303062326330653632326462646464316566
31323363313961666430643161323031373166656134646166336263653162363635623436356332
61623235303237663737613539353832646264666536303737393230623439356233393764316664
61323833666436636331643965356231666462326563363130313233376630643535333937383064
66336432653064653836313138363234313966613161356265343662346632346533336630666462
66313839356533373337336334353734666364636131656561663835303732393536356138646533
39306465623566373435333134636163653234363432613139396631383038353562333036633462
61313235393366333836316430623639393335393237303535633134396636633937633338376562
63663439343439636666356364633762666134396165373436353330613964613139343461396335
39656264366265616162623138326131383835393236643563346633323435393763366262373962
38336233646565616237303732663561363766623266316237633138333866333234653835346433
38613232616436306661323231623166346333666237323230613566626432636366303235306233
32653264313531313530386631393834363333663434326162326361313539636236363137323936
63373039623231333433346335626438343063326334373766383261353237383939626333643033
63303830613435376363386663636336313830356335356662326139303236343763653266336531
39613762333638386236643330303237343934356263633236623466383733383964353135663836
31343831396166656261646263343933636462613934333061646362393365366666613137343430
34633738333464333465643531366331353539616636303064333030333530353539386638376266
31616462646430353562653637336339396337303466333064363338613366383734336533656365
63326230363035323230343162653063383536343036316632633437333633663762393662626439
61366261376238623136623134646536323763616436646464373630663837383339353439383964
64373938366266356630646263373862623039396466653565323033656138663834326437616536
64306236336536353337393662653665363932333863393262306565303836666538303763363030
65323734373037616534386430366635346234393438316661636439383430323339663466633437
30313139656533383238356561396562373030383661306565646464336634346130633838353166
61333566376330323739366430353661363931346535636333663965636430663665313662396630
32313930653036656535316262363930313236333739623436383434653365643261333764383461
35646263623731613634623136353761376231366535626565353434633131643935393761333934
33383962613137623733396334336435653765353162363733326237636636663836336163636531
63643730313930383435623764663937656461623032396262666131343031616632333961313863
65346165646665393132663166653364373961643136383833386265633265666465346364346533
39643730653238316466663334363735306463383132353962373637313964636161303734396331
37346630386236303930333139663837636462343936373830633461363363653336396666386665
38633138333065356366363933303736373731613734656661376664326338363465373734643961
30343037333831636331626261313936633036323830303935643136313634643632376164346663
37336564373734646465383239363633316639623933356564336566316134656538353864313139
39653832396136323834353238653166333762376564336133653266646630663535353938663962
62366339353562653364623339616135343633383535373764396539613162623763343761623436
62393130376633346365646330636230396361306464383265363764306661396262383230346634
62663038316539323964626566633731366132613132353137656539663636313533383634336164
66656661363831393665346536646236326235373063323535393662646537376434646466623331
66333137366636633235653436303466336533656138373363386361346536643630326632373730
62306433613633643765313934613035363961666463653731306632343261623865323031356534
30633635373830633837633462653934633061383939646266313166316463616430636362343539
36363731303839356338376438656337653434643238646534653363346563633634363762323234
30646563663139386639663237393638323762373838623037663334633131633635636433663363
30333832333432643764316463616161306361336335316364393363363731633538666638653535
32633835396364396634663365663932613061636536366636633763363336393064376561613038
32363935656539633631333332636364626537626535326230343634663365396235656536653831
37376364323230643566646631623834386362643736366636336531613733306436333963363663
31383466613735396466643932613664323735663430656363373865303131356532306135643361
30396334326630326636363135343134633465653064646262616430626665366664623062376335
62326530313464316137336365646237363839383934333235643965306465643832653834643239
62643831313230636462376136363465663037326335616338336134346163333865626335396464
31396535366135306661666133383938306164373261613563343930343936326234386134313864
38623035646135396435636366313039336335306435366161653964393538303262303764383736
37636338646134373932333062313032356461306266656336646632323961303232316534643932
63623065303332333630323639333465616336313131613037336434653065363164616234396263
39366433393734333433623862363463306432323830376137373434363463636234383262323530
33613031326163383738613733613665376661363533383265396434366663356635643333313665
66396661633964343633653263656238633738356363363734333537393762653633666535666665
32616332376335653930626666396164663966336632326164363939613832613539353364633031
65373764393965356564636533373434396463376162373463643564396563366234356332323831
33643237373861623931313938633235373534393836343165373434633765646361343232663731
36316661653061396431656337643837663936336532346364636538333331663530613836343333
39383061313634303361643936643462623962623765386630623966396536383337626534323739
30386363383162356133636531313039323566623332386430333264336365666161396137663336
62386239363130373361666132633737666534376566373336643437646264643965343264623137
37653766353735383133323237353130353333313962393039386335346534363263343364386262
38393134626633663866356232396435633761373831353261383331633634316164333765623138
65336432623030363966663163623931353265383539346635623833623532623136336564333739
36363061326232303531656635383138656638643966643064616230383465633761353634633931
39346466353037626163633934636466393462383366626335353363313437653034333533333331
61333961653162326530313263616563323661613630373166323662343561396664376266623031
63326137363733333130653836653061653435636563373965306166623163666264306332616162
30306334396236373430643037353863383366653763623561623366396166313131386562373437
66666135303464646263306265336532383862353864626264333938313332653839306562326265
37393639613336336562386130323635343763346266393433326637333561663966306263666139
37386233646235616630383837306161343736623565393037653261303339353535363866373638
66643737353466353335653934636336316637313433656138373435326632646261653838363938
39336439626462333563313530396637343431326664383061653237643837323165663862653564
30653835613532396133316166666131663663336430386234343033666533616131663435313034
62646233646535633337366332633135623835626364616165633030313366623865393831313135
31303835646366363764623436373936353234623761326664353530343338646361653435383937
30353932636439633233343734663133383038623938613365393461306630313231613939363362
66336562373333336436313664616637346564393238313738633165633064303965386564376336
64326436343030303761333735376465373035373636363466363661393936613331363739383865
30663437303864663932613137343235353531336539633865613130356661363134383064346261
65356565633938613534623636333031383261323563353062626638636262306261383836663765
38313738616139353238353164316634396233396231626434616663653362666661353664323333
65346162363961316161326231353631313461393264663532363161653839643736616435646632
32653332396134303666646166333230646633393565653134646338633161633765396334643364
30333565616366383166313961303735643830636566393031373733336337393563626239366436
64623531393736633530313439313266656333383932653834336234373666323537636462366130
37383033366233663436373035316536313533333338633037363635303031363231353762386563
35326266356436633464633739383131306536613861346566383162656266613137366137633833
30396432316633316433613632393738643265336337386433336633623965323064313161663834
32663830356330336561323332326230666531326161316630636665306466343663646239306339
64303233363537643365393362353930373136396133626134393830336661343164643866383739
39373966393331616462353135373665316133366437303430626231646663643035353832613963
61623136613730663537333437376461363764343763383364613638393436643035653831386534
34663436356161643430336565326339656265313438643937356436663837353539626662366538
64303762656131396365303061316635353438376132646136333261656162326565626632393462
36363931623431396664373232326338616538616664623965646365646230323666653936323439
31643862623339666535616364663630366634316438386264376635656263306565626361313162
66336433666231623638623961373436386336666262643236633063616132353133346131643339
30663633343934303636303831366132333534313861633237666265316166646162386138633933
38613863623064346539393439356665353865656230343031666532656439376637643864663563
66616264316261613838303135636466643031393634653736383938313433356632633562613562
32323162353732663565323637383865313163353362613536366331326166663831303733636337
62353065363661373231393863313532393931376363326661383736363564373563343031323766
34636335633137363263333064646366333632616538376566656336643932643530633264633562
66646662313664626662643334653138663937393935643633623165663064643830646464613733
31666533616536623830383136613866353639383063373861343137366236396463663632386137
36306662633766306130633661383831666461663165623263313662366239376461623131306635
62346134366239376266313461336262646466333861386331613065376333663239386163626436
373034343739306464616534323430383031
